2630
2631
2632
2633
2634
2635
2636
2637
2688
2689
2690
2691
2692
2693
2694
2695
2746
2747
2748
2749
2750
2751
2752
2753
2754
2755
2756
2757
2758
2759
2760
2761
2812
2813
2814
2815
2816
2817
2818
2819
2820
2821
2822
2823
2824
2825
2826
2827
2878
2879
2880
2881
2882
2883
2884
2885
2886
2887
2888
2889
2890
2891
2892
2893
2944
2945
2946
2947
2948
2949
2950
2951
2952
2953
2954
2955
2956
2957
2958
2959
3010
3011
3012
3013
3014
3015
3016
3017
3018
3019
3020
3021
3022
3023
3024
3025
3076
3077
3078
3079
3080
3081
3082
3083
3134
3135
3136
3137
3138
3139
3140
3141
3718
3719
3720
3721
3722
3723
3724
3725
3784
3785
3786
3787
3788
3789
3790
3791
3850
3851
3852
3853
3854
3855
3856
3857
3916
3917
3918
3919
3920
3921
3922
3923
3924
3925
3926
3927
3928
3929
3930
3931
3990
3991
3992
3993
3994
3995
3996
3997
3998
3999
4000
4001
4002
4003
4004
4005
4064
4065
4066
4067
4068
4069
4070
4071
4130
4131
4132
4133
4134
4135
4136
4137
4196
4197
4198
4199
4200
4201
4202
4203
